16
9
111
137
18
68
186
160
74
158
129
37
35
38
56
151
137
24
203
128
155
183
234
90
24
140
59
217
225
52
155
60
27
114
81
61
243
208
148
15
71
90
192
242
86
249
177
116
152
5
142
178
100
151
1
67
210
139
214
187
80
65
53
18
32
248
91
72
168
235
161
141
209
68
172
239
148
69
4
253
55
86
34
87
34
128
249
177
232
239
63
183
4
74
112
79
108
137
49
213
106
38
239
18
92
46
133
43
143
125
71
231
23
33
16
139
239
188
86
163
206
88
245
66
246
195
23
67
0
132
135
91
232
139
46
3
159
149
114
15
11
84
46
48
211
191
173
54
190
22
